Simalation 1
Overloading_node 9
Latency_host 1 61.9049072266 59.6628189087 58.9289665222 58.7770938873 59.2830181122
Latency_host 2 61.5680217743 59.4539642334 58.6850643158 59.2429637909 58.7840080261
Latency_host 3 61.4199638367 59.1850280762 59.2429637909 59.3340396881 58.6669445038
Latency_host 4 61.0508918762 59.5149993896 59.3330860138 58.9270591736 59.1402053833
Latency_host 5 61.0361099243 58.4449768066 58.8321685791 58.8669776917 59.760093689
Latency_host 6 61.3360404968 59.0300559998 58.6969852448 59.464931488 58.9339733124
Latency_host 7 60.8158111572 59.5300197601 59.3049526215 58.9101314545 59.0260028839
Latency_host 8 60.2431297302 58.8140487671 58.9139461517 58.5808753967 59.3059062958
Latency_host 10 12.0010375977 10.6611251831 11.7971897125 11.5439891815 10.6639862061
Latency_host 11 28.361082077 26.9780158997 27.1430015564 27.1232128143 26.8559455872
Latency_host 12 28.9452075958 26.6401767731 26.839017868 27.7750492096 26.6981124878
Latency_host 13 45.6168651581 43.5841083527 43.053150177 42.8440570831 43.1520938873
Latency_host 14 44.5520877838 43.2322025299 43.7760353088 42.5720214844 42.9821014404
Latency_host 15 44.8729991913 42.7770614624 42.4339771271 43.1590080261 42.9558753967
Latency_host 16 44.2869663239 42.6259040833 42.8898334503 42.9029464722 42.6421165466
